4294967278,518
4294967279,290
4294967278,289
4294967278,525
4294967278,521
4294967278,37
4294967278,34
4294967278,27
4294967278,23
4294967278,18
4294967278,12
4294967278,11
4294967278,10
4294967279,132
4294967279,131
4294967279,130
4294967279,129
4294967279,128
4294967279,88
4294967279,260
4294967279,326
4294967279,19
4294967279,12
4294967279,11
4294967278,136
4294967279,136
4294967278,135
4294967279,135
4294967278,134
4294967278,133
4294967279,272
4294967278,275
4294967278,286
4294967279,18
4294967279,325
4294967278,270
4294967279,269
4294967278,268
59,4
4294967279,268
59,3
59,2
59,1
4294967279,360
4294967278,267
4294967279,267
4294967278,13
4294967278,281
4294967279,266
4294967278,8
4294967279,263
58,4
4294967278,263
58,3
58,2
58,1
4294967278,284
4294967279,262
4294967278,262
4294967294,473
4294967278,278
4294967279,127
4294967279,359
4294967279,277
4294967278,552
4294967278,283
4294967279,276
4294967278,257
4294967279,256
4294967279,275
4294967278,514
4294967278,551
4294967279,255
4294967279,320
57,6
57,5
4294967278,319
57,4
4294967279,321
57,3
57,2
57,1
4294967279,253
4294967278,318
4294967278,254
4294967279,251
4294967278,253
4294967279,250
4294967278,250
4294967279,249
4294967279,248
4294967278,246
4294967278,240
4294967279,246
4294967278,244
4294967279,244
4294967278,242
4294967278,241
4294967279,242
4294967279,324
4294967278,234
4294967279,234
4294967294,918
4294967294,161
4294967278,232
4294967279,232
4294967278,230
4294967279,230
4294967279,228
4294967279,222
4294967279,226
55,5
4294967278,224
55,4
4294967279,224
55,3
55,2
55,1
4294967278,222
4294967278,219
4294967279,219
4294967278,217
4294967279,217
4294967278,215
4294967279,316
4294967278,213
4294967279,214
4294967278,212
4294967278,210
4294967279,211
4294967278,209
54,6
4294967279,210
54,5
4294967278,208
54,4
54,3
54,2
54,1
4294967279,358
4294967278,207
4294967278,205
4294967279,206
53,4
4294967278,204
53,3
53,2
53,1
4294967278,550
4294967278,203
4294967294,472
4294967278,202
4294967278,201
4294967278,200
4294967279,201
4294967278,199
4294967279,200
4294967278,198
4294967279,199
51,4
4294967278,197
51,3
51,2
51,1
4294967278,549
4294967278,196
4294967278,195
4294967278,194
4294967279,195
4294967279,357
4294967278,193
4294967278,192
4294967278,191
49,5
49,4
4294967278,190
49,3
49,2
49,1
4294967278,548
4294967278,189
4294967294,387
4294967294,388
4294967279,190
4294967278,188
4294967279,189
4294967278,187
4294967279,188
4294967278,306
4294967279,187
4294967294,392
4294967294,390
4294967294,115
4294967279,186
4294967278,183
4294967279,184
4294967278,182
47,4
4294967279,183
47,3
47,2
47,1
4294967279,306
4294967279,182
4294967278,547
4294967279,356
4294967279,180
4294967294,12
4294967294,107
4294967279,179
4294967278,177
4294967279,178
46,4
4294967278,176
46,3
46,2
46,1
4294967278,546
4294967279,177
4294967294,68
4294967294,11
4294967294,99
4294967294,76
4294967278,545
4294967279,355
4294967278,299
4294967279,172
4294967294,38
4294967294,37
4294967294,36
4294967294,39
4294967294,120
4294967294,395
4294967294,396
4294967294,419
4294967294,178
4294967294,422
4294967294,952
4294967294,420
4294967294,168
4294967294,415
4294967294,398
4294967294,421
4294967294,448
4294967294,468
4294967294,456
4294967294,457
4294967294,113
4294967294,189
4294967294,40
4294967279,171
4294967279,303
4294967279,170
4294967278,167
4294967279,168
4294967279,165
4294967278,166
45,6
4294967279,167
45,5
4294967278,165
45,4
4294967279,166
45,3
45,2
45,1
4294967279,300
4294967278,164
4294967294,469
4294967294,908
4294967294,186
4294967278,297
4294967279,299
4294967278,296
4294967279,354
4294967279,161
4294967294,1420
4294967294,1
4294967294,909
4294967278,295
4294967279,160
4294967279,353
4294967279,159
4294967279,158
4294967278,156
4294967279,156
4294967279,155
4294967279,154
0,7
4294967279,352
4294967294,5
4294967294,907
4294967294,0
4294967294,81
4294967294,50
4294967294,440
4294967294,46
4294967294,389
4294967294,114
4294967294,2
4294967278,282
4294967279,351
4294967279,297
4294967279,149
4294967294,393
4294967294,45
4294967294,44
4294967294,53
4294967294,953
4294967294,414
4294967294,954
4294967294,29
4294967294,924
4294967294,28
4294967294,923
4294967294,27
4294967294,92
4294967294,91
4294967294,90
4294967294,88
4294967294,87
4294967294,86
4294967294,85
4294967294,84
4294967294,82
4294967278,277
4294967279,148
4294967279,295
4294967294,42
4294967279,147
4294967279,146
4294967294,94
4294967294,89
4294967294,96
4294967279,143
4294967279,145
43,5
43,4
4294967279,144
43,3
43,2
43,1
4294967279,292
4294967294,93
4294967294,95
4294967294,426
4294967294,470
4294967294,7
4294967294,22
